1 43814U 18099BJ  18347.12272418 -.00000403  00000-0 -31642-4 0  9996
2 43814  97.7672  56.1804 0011871 236.0402 123.9692 14.94845317   793

1 43814U 18099BJ  18347.12272419 -.00000403 +00000-0 -31642-4 0  9997
2 43814 097.7672 056.1804 0011871 236.0402 123.9692 14.94845317000793
1 43814U 18099BJ  18348.19373296 -.00000344  00000-0 -26278-4 0  9993
2 43814  97.7671  57.2406 0011959 232.3969 127.6212 14.94845220   956
1 43814U 18099BJ  18348.39454620 -.00000315  00000-0 -23554-4 0  9998
2 43814  97.7672  57.4395 0011937 231.3475 128.6685 14.94845360   986
1 43814U 18099BJ  18348.86311130 -.00000247  00000-0 -17363-4 0  9993
2 43814  97.7672  57.9035 0011960 228.5682 131.4496 14.94845768  1059
1 43814U 18099BJ  18349.13086396 -.00000257  00000-0 -18218-4 0  9998
2 43814  97.7670  58.1683 0012020 227.5367 132.4848 14.94845581  1095
1 43814U 18099BJ  18349.46555415 -.00000241  00000-0 -16828-4 0  9995
2 43814  97.7670  58.4995 0011987 226.3925 133.6301 14.94845571  1144
1 43814U 18099BJ  18349.80024434 -.00000210  00000-0 -13923-4 0  9994
2 43814  97.7668  58.8305 0012004 224.7780 135.2471 14.94845685  1199
1 43814U 18099BJ  18350.13493427 -.00000176  00000-0 -10817-4 0  9994
2 43814  97.7664  59.1622 0012243 222.7483 137.2810 14.94845863  1247

1 43814U 18099BJ  18350.20187188 -.00000172  00000-0 -10478-4 0  9995
2 43814  97.7665  59.2281 0012190 222.9069 137.1190 14.94845875  1257